#
#某项参数启用或不启用配置
#配置某项参数使用算法库中默认参数或是使用配置文件中参数:
#0:使用算法库中默认参数
#1:使用配置文件中参数，即使用 [zoom_range_1] ... [zoom_range_3] 中param项中对应列中参数
#例如，配置 do_unsharp 参数：将 11-do_unsharp 配置成1，然后修改param={...}中第11列对应参数
#
[param_on_off_config]
1-cap_num=1
2-deghost_deg=1
3-input_blur=0
4-noise_level=1
5-noise_level_uv=1
6-noise_level_4ghost_ratio=0
7-num_nr_times_y=0
8-num_nr_times_uv=0
9-unsharp_sigma=0
10-unsharp_sigma2=0
11-do_unsharp=1
12-do_unsharp_rate_for_skin=0
13-unsharp_method=0
14-select_base=0
15-sharpness_skip_ratio=0
16-incremental_blend_enabled=0

#
#以下为各缩放等级下参数配置
#

#
#[zoom_range_1=(min,max)]指定这组参数在什么缩放范围使用
#iso=(iso_min,iso_max)指定每一行参数在什么ISO范围内使用
#param={...}中各列参数在[param_on_off_config]中对应项设置为1时生效（注意各列参数只能用一个空格隔开）
#
[zoom_range_1=(2.0,3.0)]
##    min max          1    2         3       4        5         6    7 8     9      10     11     12    13 14   15   16
iso=(0100,0200) param={3 0.000000 0.000000 20.81315 10.20833 1.625000 1 2 1.200000 0.600000 900  1.000000 3 1 0.950000 0}
iso=(0200,0400) param={4 0.000000 0.000000 28.81315 28.20833 1.625000 1 2 1.200000 0.600000 900  1.000000 3 1 0.950000 0}
iso=(0400,0800) param={5 0.000000 0.000000 38.81315 28.20833 1.625000 1 2 1.200000 0.600000 900  1.000000 3 1 0.950000 0}
iso=(0800,1600) param={5 0.000000 0.000000 45.00000 28.20833 1.625000 1 2 1.200000 0.600000 900  1.000000 3 1 0.950000 0}
iso=(1600,2400) param={5 0.000000 0.000000 50.00000 28.20833 1.625000 1 2 1.200000 0.600000 1100 1.000000 3 1 0.950000 0}
iso=(2400,3200) param={5 0.000000 0.000000 75.00000 56.20833 1.625000 1 2 1.200000 0.600000 1100 1.000000 3 1 0.950000 0}
iso=(3200,4000) param={5 0.000000 0.000000 75.00000 56.20833 1.625000 1 2 1.200000 0.600000 1100 1.000000 3 1 0.950000 0}
iso=(4000,4800) param={5 0.000000 0.000000 100.0000 56.20833 1.625000 1 2 1.200000 0.600000 1100 1.000000 3 1 0.950000 0}
iso=(4800,5600) param={5 0.000000 0.000000 100.0000 56.20833 1.625000 1 2 1.200000 0.600000 1100 1.000000 3 1 0.950000 0}
iso=(5600,7000) param={5 0.000000 0.000000 100.0000 56.20833 1.625000 1 2 1.200000 0.600000 1100 1.000000 3 1 0.950000 0}

#
#[zoom_range_2=(min,max)]指定这组参数在什么缩放范围使用
#iso=(iso_min,iso_max)指定每一行参数在什么ISO范围内使用
#param={...}中各列参数在 param_on_off_config 中对应项设置为1时生效
#
[zoom_range_2=(3.0,4.0)]
##    min max          1    2         3       4        5         6    7 8     9      10     11     12    13 14   15   16
iso=(0100,0200) param={3 0.000000 0.000000 18.81315 10.20833 1.625000 1 2 1.200000 0.600000 1500 1.000000 3 1 0.950000 0}
iso=(0200,0400) param={4 0.000000 0.000000 18.81315 28.20833 1.625000 1 2 1.200000 0.600000 1300 1.000000 3 1 0.950000 0}
iso=(0400,0800) param={5 0.000000 0.000000 27.81315 28.20833 1.625000 1 2 1.200000 0.600000 1300 1.000000 3 1 0.950000 0}
iso=(0800,1600) param={5 0.000000 0.000000 36.00000 28.20833 1.625000 1 2 1.200000 0.600000 1300 1.000000 3 1 0.950000 0}
iso=(1600,2400) param={5 0.000000 0.000000 50.00000 28.20833 1.625000 1 2 1.200000 0.600000 1300 1.000000 3 1 0.950000 0}
iso=(2400,3200) param={5 0.000000 0.000000 55.00000 56.20833 1.625000 1 2 1.200000 0.600000 1300 1.000000 3 1 0.950000 0}
iso=(3200,4000) param={5 0.000000 0.000000 55.00000 100.2083 1.625000 1 2 1.200000 0.600000 1300 1.000000 3 1 0.950000 0}
iso=(4000,4800) param={5 0.000000 0.000000 100.0000 100.2083 1.625000 1 2 1.200000 0.600000 1300 1.000000 3 1 0.950000 0}
iso=(4800,5600) param={5 0.000000 0.000000 100.0000 100.2083 1.625000 1 2 1.200000 0.600000 1300 1.000000 3 1 0.950000 0}
iso=(5600,7000) param={5 0.000000 0.000000 100.0000 100.2083 1.625000 1 2 1.200000 0.600000 1300 1.000000 3 1 0.950000 0}

#
#[zoom_range_3=(min,max)]指定这组参数在什么缩放范围使用
#iso=(iso_min,iso_max)指定每一行参数在什么ISO范围内使用
#param={...}中各列参数在 param_on_off_config 中对应项设置为1时生效
#
[zoom_range_3=(4.0,5.0)]
##    min max          1    2         3       4        5         6    7 8     9      10     11     12    13 14   15   16
iso=(0100,0200) param={3 0.000000 0.000000 18.81315 10.20833 1.625000 1 2 1.200000 0.600000 2000 1.000000 3 1 0.950000 0}
iso=(0200,0400) param={4 0.000000 0.000000 18.81315 28.20833 1.625000 1 2 1.200000 0.600000 1500 1.000000 3 1 0.950000 0}
iso=(0400,0800) param={5 0.000000 0.000000 27.81315 28.20833 1.625000 1 2 1.200000 0.600000 1500 1.000000 3 1 0.950000 0}
iso=(0800,1600) param={5 0.000000 0.000000 36.00000 28.20833 1.625000 1 2 1.200000 0.600000 1500 1.000000 3 1 0.950000 0}
iso=(1600,2400) param={5 0.000000 0.000000 50.00000 28.20833 1.625000 1 2 1.200000 0.600000 1500 1.000000 3 1 0.950000 0}
iso=(2400,3200) param={5 0.000000 0.000000 55.00000 56.20833 1.625000 1 2 1.200000 0.600000 1500 1.000000 3 1 0.950000 0}
iso=(3200,4000) param={5 0.000000 0.000000 55.00000 100.2083 1.625000 1 2 1.200000 0.600000 1500 1.000000 3 1 0.950000 0}
iso=(4000,4800) param={5 0.000000 0.000000 100.0000 100.2083 1.625000 1 2 1.200000 0.600000 1500 1.000000 3 1 0.950000 0}
iso=(4800,5600) param={5 0.000000 0.000000 100.0000 100.2083 1.625000 1 2 1.200000 0.600000 1500 1.000000 3 1 0.950000 0}
iso=(5600,7000) param={5 0.000000 0.000000 100.0000 100.2083 1.625000 1 2 1.200000 0.600000 1500 1.000000 3 1 0.950000 0}
